13.1409165561
13.1409165561
11.5030385287
15.0060648607
9.9284092210
16.9504515089
8.3583329617
19.0085510797
6.9596249582
21.1895107869
5.7921792241
23.7270248379
4.9297024816
26.2769067795
4.2958369804
28.7416620336
3.9909413352
31.1976992869
4.0000000000
34.2124290278
4.2483178518
39.2560101158
4.7867861635
42.1361015217
5.5419707537
26.5197495365
6.5701031524
24.7288460926
7.8850932253
22.9363502872
9.4317887625
21.0624715680
11.1516898985
19.1186806915
13.1453167627
17.2043954353
15.1730439095
15.1730439095
17.2043954353
13.1453167627
19.1186806915
11.1516898985
21.0624715680
9.4317887625
22.9363502872
7.8850932253
24.7288460926
6.5701031524
26.5197495365
5.5419707537
42.1361015217
4.7867861635
39.2560101158
4.2483178518
34.2124290278
4.0000000000
31.1976992869
3.9909413352
28.7416620336
4.2958369804
26.2769067795
4.9297024816
23.7270248379
5.7921792241
21.1895107869
6.9596249582
19.0085510797
8.3583329617
16.9504515089
9.9284092210
15.0060648607
11.5030385287